1 597
2 610
3 728
4 600
5 1990
6 601
7 603
8 787
9 745
10 606
11 297
12 595
13 609
14 27
15 725
16 612
17 607
18 734
19 615
20 1993
21 599
22 618
23 2000
24 614
25 261
26 116
27 14
28 621
29 2005
30 617
31 624
32 48
33 761
34 1799
35 622
36 627
37 637
38 2002
39 635
40 639
41 646
42 2018
43 642
44 2041
45 767
46 645
47 763
48 32
49 648
50 54
51 2021
52 651
53 2029
54 50
55 654
56 1695
57 2045
58 657
59 722
60 1712
61 660
62 739
63 946
64 663
65 814
66 686
67 666
68 760
69 634
70 669
71 793
72 1613
73 672
74 676
75 1607
76 675
77 815
78 796
79 678
80 809
81 1544
82 237
83 742
84 683
85 687
86 811
87 713
88 690
89 701
90 802
91 662
92 212
93 797
94 693
95 99
96 781
97 696
98 784
99 95
100 699
101 2074
102 704
103 628
104 114
105 854
106 702
107 703
108 2099
109 705
110 2089
111 2083
112 708
113 841
114 104
115 131
116 26
117 707
118 711
119 731
120 1012
121 714
122 805
123 659
124 717
125 604
126 727
127 720
128 232
129 231
130 137
131 115
132 758
133 723
134 235
135 1538
136 726
137 130
138 752
139 729
140 733
141 769
142 732
143 149
144 820
145 735
146 724
147 749
148 738
149 143
150 218
151 741
152 1556
153 1042
154 744
155 830
156 681
157 747
158 715
159 180
160 750
161 751
162 613
163 753
164 757
165 616
166 706
167 664
168 756
169 762
170 174
171 638
172 765
173 647
174 170
175 768
176 2056
177 649
178 771
179 598
180 159
181 774
182 685
183 778
184 777
185 495
186 605
187 780
188 775
189 716
190 783
191 688
192 791
193 786
194 698
195 782
196 789
197 661
198 773
199 792
200 213
201 788
202 795
203 670
204 1610
205 798
206 210
207 2092
208 801
209 1809
210 206
211 804
212 92
213 200
214 807
215 1600
216 740
217 810
218 150
219 710
220 813
221 1603
222 806
223 816
224 1548
225 812
226 1191
227 682
228 821
229 825
230 859
231 129
232 128
233 743
234 236
235 134
236 234
237 82
238 828
239 246
240 1129
241 831
242 719
243 275
244 834
245 558
246 239
247 837
248 838
249 2141
250 840
251 NULL
252 1796
253 843
254 264
255 857
256 846
257 691
258 790
259 849
260 842
261 25
262 852
263 2108
264 254
265 855
266 856
267 1171
268 858
269 2107
270 584
271 861
272 1342
273 277
274 1187
275 243
276 278
277 273
278 276
279 718
280 864
281 596
282 296
283 867
284 294
285 1821
286 870
287 281
288 309
289 876
290 NULL
291 873
292 879
293 2167
294 284
295 882
296 282
297 299
298 885
299 297
300 869
301 888
302 904
303 890
304 891
305 892
306 863
307 894
308 1824
309 288
310 897
311 865
312 2165
313 900
314 905
315 991
316 903
317 895
318 1829
319 906
320 2170
321 893
322 887
323 425
324 575
325 909
326 901
327 2177
328 912
329 1842
330 331
331 330
332 1970
333 917
334 924
335 952
336 921
337 927
338 1063
339 923
340 930
341 2197
342 931
343 933
344 911
345 1067
346 936
347 483
348 926
349 939
350 935
351 2201
352 942
353 2219
354 2221
355 945
356 2225
357 443
358 948
359 1015
360 1078
361 951
362 393
363 1091
364 954
365 916
366 475
367 957
368 1642
369 1097
370 960
371 1636
372 968
373 963
374 516
375 533
376 966
377 1123
378 NULL
379 969
380 1634
381 527
382 1046
383 544
384 972
385 978
386 949
387 1076
388 981
389 1106
390 410
391 515
392 522
393 362
394 984
395 2269
396 573
397 987
398 983
399 1088
400 990
401 504
402 979
403 NULL
404 NULL
405 995
406 581
407 1006
408 913
409 999
410 390
411 1102
412 1002
413 988
414 998
415 1005
416 NULL
417 2276
418 1008
419 424
420 476
421 1011
422 1003
423 2288
424 419
425 323
426 440
427 1014
428 1111
429 1646
430 1017
431 976
432 1081
433 1020
434 450
435 881
436 1023
437 1126
438 543
439 1059
440 426
441 1028
442 1026
443 357
444 1039
445 1029
446 886
447 1037
448 1032
449 862
450 434
451 1035
452 1013
453 730
454 1038
455 889
456 1031
457 1041
458 1112
459 1034
460 1044
461 1108
462 947
463 1047
464 974
465 554
466 1050
467 488
468 1019
469 1053
470 1036
471 1072
472 1056
473 1027
474 1052
475 366
476 420
477 1061
478 1065
479 910
480 953
481 1068
482 1064
483 347
484 1071
485 928
486 1066
487 1074
488 467
489 866
490 1077
491 1090
492 1048
493 1080
494 880
495 185
496 1083
497 1018
498 1079
499 1086
500 1093
501 980
502 1089
503 1084
504 401
505 1092
506 509
507 878
508 1095
509 506
510 521
511 1098
512 1639
513 959
514 1101
515 391
516 374
517 1104
518 1100
519 2323
520 1107
521 510
522 392
523 1110
524 1114
525 1016
526 1113
527 381
528 1631
529 1116
530 1117
531 977
532 1119
533 375
534 950
535 970
536 1271
537 1122
538 1128
539 1902
540 943
541 545
542 1045
543 438
544 383
545 541
546 1025
547 1131
548 973
549 1124
550 NULL
551 1136
552 1145
553 1149
554 465
555 1151
556 1152
557 1130
558 245
559 1155
560 1563
561 835
562 1158
563 2312
564 NULL
565 2321
566 1920
567 872
568 1161
569 1174
570 1168
571 1164
572 1094
573 396
574 1167
575 324
576 1159
577 1170
578 1932
579 1935
580 1173
581 406
582 2314
583 1176
584 270
585 1938
586 1179
587 1987
588 1127
589 593
590 1147
591 1268
592 1022
593 589
594 1177
595 12
596 281
597 1
598 179
599 21
600 4
601 6
602 1656
603 7
604 125
605 186
606 10
607 17
608 302
609 13
610 2
611 305
612 16
613 162
614 24
615 19
616 165
617 30
618 22
619 754
620 632
621 28
622 35
623 1670
624 31
625 665
626 630
627 36
628 103
629 2143
630 626
631 2155
632 620
633 636
634 69
635 39
636 633
637 37
638 171
639 40
640 644
641 2027
642 43
643 1674
644 640
645 46
646 41
647 173
648 49
649 177
650 1683
651 52
652 2051
653 1706
654 55
655 1725
656 823
657 58
658 776
659 123
660 61
661 197
662 91
663 64
664 167
665 625
666 67
667 956
668 2059
669 70
670 203
671 2062
672 73
673 1793
674 1551
675 76
676 74
677 2053
678 79
679 827
680 684
681 156
682 227
683 84
684 680
685 182
686 66
687 85
688 191
689 697
690 88
691 257
692 1758
693 94
694 1739
695 2086
696 97
697 689
698 194
699 100
700 800
701 89
702 106
703 107
704 102
705 109
706 166
707 117
708 112
709 1615
710 219
711 118
712 779
713 87
714 121
715 158
716 189
717 124
718 279
719 242
720 127
721 737
722 59
723 133
724 146
725 15
726 136
727 126
728 3
729 139
730 453
731 119
732 142
733 140
734 18
735 145
736 1713
737 721
738 148
739 62
740 216
741 151
742 83
743 233
744 154
745 9
746 772
747 157
748 770
749 147
750 160
751 161
752 138
753 163
754 619
755 759
756 168
757 164
758 132
759 755
760 68
761 33
762 169
763 47
764 766
765 172
766 764
767 45
768 175
769 141
770 748
771 178
772 746
773 198
774 181
775 188
776 658
777 184
778 183
779 712
780 187
781 96
782 195
783 190
784 98
785 2119
786 193
787 8
788 201
789 196
790 258
791 192
792 199
793 71
794 2125
795 202
796 78
797 93
798 205
799 803
800 700
801 208
802 90
803 799
804 211
805 122
806 222
807 214
808 1541
809 80
810 217
811 86
812 225
813 220
814 65
815 77
816 223
817 NULL
818 822
819 826
820 144
821 228
822 818
823 656
824 1730
825 229
826 819
827 679
828 238
829 832
830 155
831 241
832 829
833 1432
834 244
835 561
836 1532
837 247
838 248
839 1592
840 250
841 113
842 260
843 253
844 1750
845 2153
846 256
847 1166
848 1764
849 259
850 1763
851 2101
852 262
853 2146
854 105
855 265
856 266
857 255
858 268
859 230
860 1818
861 271
862 449
863 306
864 280
865 311
866 489
867 283
868 2162
869 300
870 286
871 884
872 567
873 291
874 NULL
875 NULL
876 289
877 1049
878 507
879 292
880 494
881 435
882 295
883 1826
884 871
885 298
886 446
887 322
888 301
889 455
890 303
891 304
892 305
893 321
894 307
895 317
896 1051
897 310
898 NULL
899 1836
900 313
901 326
902 1054
903 316
904 302
905 314
906 319
907 919
908 1060
909 325
910 479
911 344
912 328
913 408
914 918
915 2317
916 365
917 333
918 914
919 907
920 2327
921 336
922 2174
923 339
924 334
925 1847
926 348
927 337
928 485
929 1872
930 340
931 342
932 2185
933 343
934 1850
935 350
936 346
937 1853
938 1069
939 349
940 2215
941 2206
942 352
943 540
944 2236
945 355
946 63
947 462
948 358
949 386
950 534
951 361
952 335
953 480
954 364
955 1890
956 667
957 367
958 1893
959 513
960 370
961 1580
962 1965
963 373
964 1898
965 1132
966 376
967 1884
968 372
969 379
970 535
971 975
972 384
973 548
974 464
975 971
976 431
977 531
978 385
979 402
980 501
981 388
982 1085
983 398
984 394
985 1914
986 1911
987 397
988 413
989 1905
990 400
991 315
992 996
993 NULL
994 NULL
995 405
996 992
997 1928
998 414
999 409
1000 2255
1001 1917
1002 412
1003 422
1004 2278
1005 415
1006 407
1007 1160
1008 418
1009 2282
1010 2284
1011 421
1012 120
1013 452
1014 427
1015 359
1016 525
1017 430
1018 497
1019 468
1020 433
1021 1148
1022 592
1023 436
1024 1628
1025 546
1026 442
1027 473
1028 441
1029 445
1030 1073
1031 456
1032 448
1033 1120
1034 459
1035 451
1036 470
1037 447
1038 454
1039 444
1040 2224
1041 457
1042 153
1043 1587
1044 460
1045 542
1046 382
1047 463
1048 492
1049 877
1050 466
1051 896
1052 474
1053 469
1054 902
1055 1057
1056 472
1057 1055
1058 1062
1059 439
1060 908
1061 477
1062 1058
1063 338
1064 482
1065 478
1066 486
1067 345
1068 481
1069 938
1070 1887
1071 484
1072 471
1073 1030
1074 487
1075 1082
1076 387
1077 490
1078 360
1079 498
1080 493
1081 432
1082 1075
1083 496
1084 503
1085 982
1086 499
1087 1953
1088 399
1089 502
1090 491
1091 363
1092 505
1093 500
1094 572
1095 508
1096 1959
1097 369
1098 511
1099 2264
1100 518
1101 514
1102 411
1103 1105
1104 517
1105 1103
1106 389
1107 520
1108 461
1109 1572
1110 523
1111 428
1112 458
1113 526
1114 524
1115 1575
1116 529
1117 530
1118 1577
1119 532
1120 1033
1121 1125
1122 537
1123 377
1124 549
1125 1121
1126 437
1127 588
1128 538
1129 1134
1130 557
1131 547
1132 965
1133 1137
1134 1129
1135 1619
1136 551
1137 1133
1138 1523
1139 1276
1140 1146
1141 1339
1142 1525
1143 1144
1144 1143
1145 552
1146 1140
1147 590
1148 1021
1149 553
1150 1338
1151 555
1152 556
1153 1967
1154 1157
1155 559
1156 1621
1157 1154
1158 562
1159 576
1160 1007
1161 568
1162 1979
1163 1923
1164 571
1165 1934
1166 847
1167 574
1168 570
1169 1937
1170 577
1171 267
1172 1175
1173 580
1174 569
1175 1172
1176 583
1177 594
1178 1436
1179 586
1180 1186
1181 1354
1182 1433
1183 1344
1184 1355
1185 1188
1186 1180
1187 274
1188 1185
1189 1347
1190 1240
1191 226
1192 1350
1193 1239
1194 1247
1195 1430
1196 NULL
1197 1353
1198 1359
1199 1384
1200 NULL
1201 1362
1202 NULL
1203 1373
1204 1365
1205 NULL
1206 1217
1207 1368
1208 NULL
1209 1379
1210 1371
1211 1357
1212 NULL
1213 1374
1214 NULL
1215 1364
1216 1377
1217 1206
1218 NULL
1219 1380
1220 NULL
1221 1388
1222 1383
1223 1369
1224 NULL
1225 1386
1226 1375
1227 NULL
1228 1389
1229 NULL
1230 1361
1231 1392
1232 1381
1233 NULL
1234 1372
1235 1400
1236 1404
1237 1422
1238 1248
1239 1193
1240 1190
1241 1424
1242 1539
1243 1598
1244 1251
1245 1345
1246 1425
1247 1194
1248 1238
1249 1428
1250 1349
1251 1244
1252 1431
1253 2134
1254 1589
1255 1434
1256 1258
1257 NULL
1258 1256
1259 1351
1260 NULL
1261 1337
1262 1444
1263 1269
1264 1437
1265 1267
1266 1446
1267 1265
1268 591
1269 1263
1270 1440
1271 536
1272 1323
1273 1443
1274 1332
1275 1438
1276 1139
1277 1522
1278 1448
1279 1452
1280 1501
1281 1463
1282 1455
1283 1465
1284 NULL
1285 1458
1286 1469
1287 NULL
1288 1461
1289 1471
1290 NULL
1291 1464
1292 1507
1293 1475
1294 1467
1295 1456
1296 NULL
1297 1470
1298 1486
1299 1478
1300 1473
1301 1480
1302 NULL
1303 1476
1304 1504
1305 1484
1306 1479
1307 1488
1308 1451
1309 1482
1310 1453
1311 NULL
1312 1485
1313 1315
1314 1459
1315 1313
1316 1496
1317 1511
1318 1515
1319 1442
1320 1328
1321 1627
1322 1516
1323 1272
1324 1439
1325 1331
1326 1568
1327 1518
1328 1320
1329 1441
1330 1521
1331 1325
1332 1274
1333 1524
1334 1618
1335 2303
1336 1527
1337 1261
1338 1150
1339 1141
1340 1447
1341 1526
1342 272
1343 2135
1344 1183
1345 1245
1346 1348
1347 1189
1348 1346
1349 1250
1350 1192
1351 1259
1352 1356
1353 1197
1354 1181
1355 1184
1356 1352
1357 1211
1358 1399
1359 1198
1360 1410
1361 1230
1362 1201
1363 1393
1364 1215
1365 1204
1366 1414
1367 1390
1368 1207
1369 1223
1370 1402
1371 1210
1372 1234
1373 1203
1374 1213
1375 1226
1376 1396
1377 1216
1378 1415
1379 1209
1380 1219
1381 1232
1382 1405
1383 1222
1384 1199
1385 1397
1386 1225
1387 1417
1388 1221
1389 1228
1390 1367
1391 1411
1392 1231
1393 1363
1394 1398
1395 1401
1396 1376
1397 1385
1398 1394
1399 1358
1400 1235
1401 1395
1402 1370
1403 1408
1404 1236
1405 1382
1406 1418
1407 1409
1408 1403
1409 1407
1410 1360
1411 1391
1412 1416
1413 1419
1414 1366
1415 1378
1416 1412
1417 1387
1418 1406
1419 1413
1420 1427
1421 1536
1422 1237
1423 1535
1424 1241
1425 1246
1426 1594
1427 1420
1428 1249
1429 NULL
1430 1195
1431 1252
1432 833
1433 1182
1434 1255
1435 2302
1436 1178
1437 1264
1438 1275
1439 1324
1440 1270
1441 1329
1442 1319
1443 1273
1444 1262
1445 1449
1446 1266
1447 1340
1448 1278
1449 1445
1450 NULL
1451 1308
1452 1279
1453 1310
1454 1492
1455 1282
1456 1295
1457 1489
1458 1285
1459 1314
1460 1510
1461 1288
1462 NULL
1463 1281
1464 1291
1465 1283
1466 1498
1467 1294
1468 NULL
1469 1286
1470 1297
1471 1289
1472 1512
1473 1300
1474 NULL
1475 1293
1476 1303
1477 NULL
1478 1299
1479 1306
1480 1301
1481 1495
1482 1309
1483 NULL
1484 1305
1485 1312
1486 1298
1487 1491
1488 1307
1489 1457
1490 1502
1491 1487
1492 1454
1493 1505
1494 1509
1495 1481
1496 1316
1497 1506
1498 1466
1499 1508
1500 1503
1501 1280
1502 1490
1503 1500
1504 1304
1505 1493
1506 1497
1507 1292
1508 1499
1509 1494
1510 1460
1511 1317
1512 1472
1513 1565
1514 1519
1515 1318
1516 1322
1517 1566
1518 1327
1519 1514
1520 1625
1521 1330
1522 1277
1523 1138
1524 1333
1525 1142
1526 1341
1527 1336
1528 1590
1529 2131
1530 1727
1531 1593
1532 836
1533 1562
1534 1596
1535 1423
1536 1421
1537 1599
1538 135
1539 1242
1540 1602
1541 808
1542 1557
1543 1605
1544 81
1545 1601
1546 1608
1547 1604
1548 224
1549 1611
1550 1606
1551 674
1552 1614
1553 1609
1554 2138
1555 1617
1556 152
1557 1542
1558 1620
1559 2240
1560 2307
1561 1623
1562 1533
1563 560
1564 1626
1565 1513
1566 1517
1567 1629
1568 1326
1569 1624
1570 1632
1571 1633
1572 1109
1573 1635
1574 1578
1575 1115
1576 1638
1577 1118
1578 1574
1579 1641
1580 961
1581 1637
1582 1644
1583 2308
1584 1640
1585 1647
1586 1630
1587 1043
1588 NULL
1589 1254
1590 1528
1591 NULL
1592 839
1593 1531
1594 1426
1595 1597
1596 1534
1597 1595
1598 1243
1599 1537
1600 215
1601 1545
1602 1540
1603 221
1604 1547
1605 1543
1606 1550
1607 75
1608 1546
1609 1553
1610 204
1611 1549
1612 1643
1613 72
1614 1552
1615 709
1616 1645
1617 1555
1618 1334
1619 1135
1620 1558
1621 1156
1622 NULL
1623 1561
1624 1569
1625 1520
1626 1564
1627 1321
1628 1024
1629 1567
1630 1586
1631 528
1632 1570
1633 1571
1634 380
1635 1573
1636 371
1637 1581
1638 1576
1639 512
1640 1584
1641 1579
1642 368
1643 1612
1644 1582
1645 1616
1646 429
1647 1585
1648 1992
1649 NULL
1650 1996
1651 1995
1652 NULL
1653 1991
1654 1998
1655 1751
1656 602
1657 2001
1658 1665
1659 NULL
1660 2004
1661 2008
1662 2156
1663 2007
1664 NULL
1665 1658
1666 2010
1667 1798
1668 2159
1669 2013
1670 623
1671 2009
1672 2016
1673 1685
1674 643
1675 2019
1676 2020
1677 2011
1678 2022
1679 1689
1680 2015
1681 2025
1682 2038
1683 650
1684 2028
1685 1673
1686 1688
1687 2031
1688 1686
1689 1679
1690 2034
1691 2042
1692 2026
1693 2037
1694 1703
1695 56
1696 2040
1697 2032
1698 2030
1699 2043
1700 2047
1701 2057
1702 2046
1703 1694
1704 2039
1705 2049
1706 653
1707 1778
1708 2052
1709 2044
1710 2024
1711 2055
1712 60
1713 736
1714 2058
1715 1777
1716 2023
1717 2061
1718 2068
1719 2126
1720 2064
1721 2065
1722 2054
1723 2067
1724 1731
1725 655
1726 2070
1727 1797
1728 2123
1729 2073
1730 824
1731 1724
1732 2076
1733 1736
1734 2090
1735 2082
1736 1733
1737 2079
1738 2085
1739 694
1740 1757
1741 2088
1742 2078
1743 2120
1744 2091
1745 2081
1746 2095
1747 2094
1748 NULL
1749 1794
1750 844
1751 1655
1752 2150
1753 2097
1754 2087
1755 2084
1756 2100
1757 1740
1758 692
1759 2103
1760 1769
1761 2114
1762 2106
1763 850
1764 848
1765 2109
1766 2113
1767 NULL
1768 2112
1769 1760
1770 2117
1771 2115
1772 2111
1773 NULL
1774 2118
1775 2102
1776 2105
1777 1715
1778 1707
1779 2050
1780 2121
1781 2077
1782 2075
1783 2124
1784 2129
1785 2066
1786 2127
1787 2122
1788 2063
1789 1817
1790 2132
1791 2136
1792 2139
1793 673
1794 1749
1795 2142
1796 252
1797 1727
1798 1667
1799 34
1800 2145
1801 2144
1802 2148
1803 1814
1804 2151
1805 NULL
1806 2093
1807 2154
1808 2149
1809 209
1810 2157
1811 2158
1812 2006
1813 2160
1814 1803
1815 2329
1816 2072
1817 1789
1818 860
1819 2163
1820 1823
1821 285
1822 2166
1823 1820
1824 308
1825 2169
1826 1997
1827 2161
1828 2172
1829 318
1830 2164
1831 2175
1832 2326
1833 2180
1834 2178
1835 2171
1836 899
1837 2181
1838 1985
1839 1971
1840 2184
1841 2179
1842 329
1843 2187
1844 2191
1845 2182
1846 2190
1847 925
1848 2173
1849 2193
1850 934
1851 2189
1852 2196
1853 937
1854 2210
1855 2199
1856 1860
1857 2186
1858 2202
1859 2192
1860 1856
1861 2205
1862 1865
1863 1869
1864 2208
1865 1862
1866 1877
1867 2211
1868 2200
1869 1863
1870 2214
1871 2204
1872 929
1873 2217
1874 2209
1875 2207
1876 2220
1877 1866
1878 2213
1879 2223
1880 2194
1881 2216
1882 2226
1883 2233
1884 967
1885 2229
1886 2212
1887 1070
1888 2232
1889 2060
1890 955
1891 2235
1892 2296
1893 958
1894 2238
1895 2293
1896 2234
1897 2241
1898 2069
1899 2231
1900 2244
1901 2237
1902 539
1903 2247
1904 2290
1905 989
1906 2261
1907 2266
1908 2252
1909 2256
1910 2270
1911 986
1912 2259
1913 1926
1914 985
1915 2262
1916 2245
1917 1001
1918 2265
1919 1964
1920 566
1921 1976
1922 2168
1923 1163
1924 2268
1925 2254
1926 1913
1927 2271
1928 997
1929 1980
1930 2274
1931 1947
1932 578
1933 2277
1934 1165
1935 579
1936 2280
1937 1169
1938 585
1939 2283
1940 2287
1941 2273
1942 2286
1943 2272
1944 2279
1945 2289
1946 2275
1947 1931
1948 2222
1949 2218
1950 2228
1951 2292
1952 2257
1953 1087
1954 2295
1955 2239
1956 2297
1957 2298
1958 2230
1959 1096
1960 1988
1961 2304
1962 2306
1963 2310
1964 1919
1965 962
1966 2313
1967 1153
1968 2140
1969 2318
1970 332
1971 1839
1972 2315
1973 2319
1974 2330
1975 2322
1976 1921
1977 2324
1978 2325
1979 1162
1980 1929
1981 2328
1982 2176
1983 1986
1984 2331
1985 1838
1986 1983
1987 587
1988 1960
1989 2242
1990 5
1991 1653
1992 1648
1993 20
1994 1999
1995 1651
1996 1650
1997 1826
1998 1654
1999 1994
2000 23
2001 1657
2002 38
2003 2017
2004 1660
2005 29
2006 1812
2007 1663
2008 1661
2009 1671
2010 1666
2011 1677
2012 2014
2013 1669
2014 2012
2015 1680
2016 1672
2017 2003
2018 42
2019 1675
2020 1676
2021 51
2022 1678
2023 1716
2024 1710
2025 1681
2026 1692
2027 641
2028 1684
2029 53
2030 1698
2031 1687
2032 1697
2033 2036
2034 1690
2035 2048
2036 2033
2037 1693
2038 1682
2039 1704
2040 1696
2041 44
2042 1691
2043 1699
2044 1709
2045 57
2046 1702
2047 1700
2048 2035
2049 1705
2050 1779
2051 652
2052 1708
2053 677
2054 1722
2055 1711
2056 176
2057 1701
2058 1714
2059 668
2060 1889
2061 1717
2062 671
2063 1788
2064 1720
2065 1721
2066 1785
2067 1723
2068 1718
2069 1898
2070 1726
2071 2128
2072 1816
2073 1729
2074 101
2075 1782
2076 1732
2077 1781
2078 1742
2079 1737
2080 2096
2081 1745
2082 1735
2083 111
2084 1755
2085 1738
2086 695
2087 1754
2088 1741
2089 110
2090 1734
2091 1744
2092 207
2093 1806
2094 1747
2095 1746
2096 2080
2097 1753
2098 2152
2099 108
2100 1756
2101 851
2102 1775
2103 1759
2104 NULL
2105 1776
2106 1762
2107 269
2108 263
2109 1765
2110 NULL
2111 1772
2112 1768
2113 1766
2114 1761
2115 1771
2116 NULL
2117 1770
2118 1774
2119 785
2120 1743
2121 1780
2122 1787
2123 1728
2124 1783
2125 794
2126 1719
2127 1786
2128 2071
2129 1784
2130 2133
2131 1529
2132 1790
2133 2130
2134 1253
2135 1343
2136 1791
2137 2309
2138 1554
2139 1792
2140 1968
2141 249
2142 1795
2143 629
2144 1801
2145 1800
2146 853
2147 2316
2148 1802
2149 1808
2150 1752
2151 1804
2152 2098
2153 845
2154 1807
2155 631
2156 1662
2157 1810
2158 1811
2159 1668
2160 1813
2161 1827
2162 868
2163 1819
2164 1830
2165 312
2166 1822
2167 293
2168 1922
2169 1825
2170 320
2171 1835
2172 1828
2173 1848
2174 922
2175 1831
2176 1982
2177 327
2178 1834
2179 1841
2180 1833
2181 1837
2182 1845
2183 2188
2184 1840
2185 932
2186 1857
2187 1843
2188 2183
2189 1851
2190 1846
2191 1844
2192 1859
2193 1849
2194 1880
2195 2227
2196 1852
2197 341
2198 2203
2199 1855
2200 1868
2201 351
2202 1858
2203 2198
2204 1871
2205 1861
2206 941
2207 1875
2208 1864
2209 1874
2210 1854
2211 1867
2212 1886
2213 1878
2214 1870
2215 940
2216 1881
2217 1873
2218 1949
2219 353
2220 1876
2221 354
2222 1948
2223 1879
2224 1040
2225 356
2226 1882
2227 2195
2228 1950
2229 1885
2230 1958
2231 1899
2232 1888
2233 1883
2234 1896
2235 1891
2236 944
2237 1901
2238 1894
2239 1955
2240 2311
2241 1897
2242 1989
2243 2300
2244 1900
2245 1916
2246 2251
2247 1903
2248 2258
2249 2291
2250 2253
2251 2246
2252 1908
2253 2250
2254 1925
2255 1000
2256 1909
2257 1952
2258 2248
2259 1912
2260 2267
2261 1906
2262 1915
2263 2320
2264 1099
2265 1918
2266 1907
2267 2260
2268 1924
2269 395
2270 1910
2271 1927
2272 1943
2273 1941
2274 1930
2275 1946
2276 417
2277 1933
2278 1004
2279 1944
2280 1936
2281 2285
2282 1009
2283 1939
2284 1010
2285 2281
2286 1942
2287 1940
2288 423
2289 1945
2290 1904
2291 2249
2292 1951
2293 1895
2294 2299
2295 1954
2296 1892
2297 1956
2298 1957
2299 2294
2300 2243
2301 2305
2302 1435
2303 1335
2304 1961
2305 2301
2306 1962
2307 1560
2308 1583
2309 2137
2310 1963
2311 2240
2312 563
2313 1966
2314 582
2315 1972
2316 2147
2317 915
2318 1969
2319 1973
2320 2263
2321 565
2322 1975
2323 519
2324 1977
2325 1978
2326 1832
2327 920
2328 1981
2329 1815
2330 1974
2331 1984
